0
792.0
1.0
2.0
4.0
1.0
5001.0
500106.0
50010601.0
35.0
1055.0
1.0
1.0
1.0
1.0
1.0
1.0
1.0
1.0
1.0
1.0
1.0
1.0
1.0
1.0
1.0
1.0
1.0
1.0
1.0
6.0
1.0
""
""
""
""
2.0
1.0
2.0
2.0
6.0
2.0
1.0
1.0
1.0
3.0
3.0
1.0
1.0
1.0
1.0
1.0
1.0
1.0
1.0
4.0
1.0
4.0
1.0
1.0
4.0
1.0
1.0
1.0
1.0
5.0
5.0
1.0
1.0
1.0
99.0
7.0
6.0
99.0
9.0
9.0
1.0
""
""
""
""
""
""
""
""
9.0
2.0
9.0
6.0
2.0
6.0
6.0
6.0
6.0
6.0
6.0
6.0
6.0
14.50919
1.0
14.5106
1.0
14.77456
1.0
15.01872
1.0
15.91536
1.0
11.18387
2.0
12.13203
1.0
13.71967
1.0
1.0
1.0
1.0
7.0
1.0
792.0
1.0
2.0
4.0
1.0
5001.0
500106.0
2.0
1.0
1055.0
1055.0
35.0
35.0
8.0
2.0
1.0
5.0
1.0
1.0
1.0
1.0
2.0
1.0
2.0
""
""
""
""
5.0
3.0
3.0
3.0
3.0
1.0
1.0
1.0
1.0
1.0
3.0
1.0
3.0
1.0
1.0
1.0
1.0
1.0
1.0
4.0
4.0
4.0
4.0
4.0
4.0
4.0
4.0
4.0
4.0
1.0
1.0
1.0
1.0
1.0
1.0
1.0
1.0
1.0
3.0
4.0
4.0
3.0
1.0
1.0
1.0
1.0
1.0
2.0
2.0
3.0
1.0
1.0
4.0
4.0
1.0
1.0
1.0
2.0
2.0
1.0
3.0
1.0
4.0
4.0
10.17
0.337974
64.074515
0.028015
1.0
1.0
1.064516
7.081319
8.5
1.0
1.0
29.0
575.43893
557.2702
561.95322
573.6631
567.45202
574.18458
538.50995
552.13065
544.30274
526.00088
603.4214
557.18476
579.4064
589.70854
607.70484
512.47061
531.55392
530.54494
532.47086
551.68836
511.66661
550.91604
541.14507
547.95804
576.53241
4.0
4.0
4.0
4.0
4.0
10.50352
1.0
12.85262
1.0
12.56749
1.0
13.33453
1.0
10.57259
2.0
9.86291
2.0
14.50919
1.0
9.39964
2.0
3.0
2.0
7.0
1.0
""
10.0
